import numpy as np
T = np.array([[0, -1, 0, -3], [0, 0, 1, 2], [-1, 0, 0, -3], [0, 0, 0, 1]])
print(T)

# import numpy as np
# p_3 = np.array([[-0.98439192], [-0.07011089], [-0.37328874]])
# R_43 = np.array([[-0.48159926, 0.01559192, 0.87625284], [0.84762002, -0.24580145, 0.47023606], [0.22271610, 0.96919479, 0.10516177]])
# q_3 = np.array([[-0.03054328], [0.85411059], [-0.87671032]])
# r = np.matmul(R_43,q_3) + p_3
# print(r)


# import numpy as np
#
# p_5 = np.array([[-0.98099304], [0.48978440], [-0.70339716]])
# R_15 = np.array([[0.41189920, -0.89314153, -0.18065784], [0.90989869, 0.39242279, 0.13449433], [-0.04922822, -0.21977844, 0.97430694]])
# q_1 = np.array([[-0.29206658], [0.59349589], [0.80924432]])
#
# r = np.matmul(R_15,p_5) + q_1
# print(r)

# import numpy as np
#
# T_10 = np.array([[-0.16778286, -0.32151641, -0.93192066, -0.98009071], [-0.40961735, -0.83711791, 0.36255652, -0.30786390], [-0.89669534, 0.44256164, 0.00875533, 0.45402511], [0.00000000, 0.00000000, 0.00000000, 1.00000000]])
#
# R = (np.linalg.inv(T_10))
# print(R)



# import numpy as np
#
# theta = -1.86
#
# R = [[1, 0, 0], [0, np.cos(theta), -np.sin(theta)], [0, np.sin(theta), np.cos(theta)]]
# print(R)







# import numpy as np
#
# T_59 = np.array([[-0.01702070, 0.25201422, -0.96757384, 0.05975237], [-0.34580844, 0.90650940, 0.24219253, -0.60290802], [0.93815074, 0.33871749, 0.07171922, 0.09073937], [0.00000000, 0.00000000, 0.00000000, 1.00000000]])
# p_9 = np.array([[0.24543945], [0.45312841], [0.22546518], [1]])
#
# print(T_59,"\n",p_9)
#
#
# print(np.matmul(T_59,p_9))

